126 107 150 70 195 26 182 63 118 78 48 118 165 120 19 95
3 88 21 153 207 150 220 153 93 163 82 14 38 150 232 184
20 170 159 135 37 8 201 60 145 106 190 203 111 88 111 168
90 40 120 5 200 43 202 14 143 206 78 55 78 231 122 2
34 181 51 246 44 153 183 236 62 232 42 23 31 60 106 25
244 108 28 206 170 98 154 138 197 79 231 135 0 32 64 196
227 86 226 186 27 172 211 46 132 157 234 158 246 25 30 55
9 94 229 223 51 214 87 195 218 76 85 28 88 108 145 91
194 87 93 11 132 159 139 112 19 215 33 245 73 51 7 173
79 198 200 206 22 138 150 164 161 22 35 80 89 101 174 167
28 158 216 36 104 132 222 202 71 119 241 104 188 185 73 15
238 186 223 222 183 166 89 184 149 75 29 237 195 230 1 162
2 236 240 40 85 185 40 218 189 163 161 9 77 113 121 201
72 2 67 107 133 124 171 205 243 224 168 160 244 191 43 105
136 12 7 20 206 92 231 149 32 34 152 81 18 205 9 204
16 87 208 198 234 163 195 47 87 129 100 144 37 1 238 226
